kinematics:
  shoulder:
    x: 0
    y: 0
    z: 0.089325474856028736
    roll: -0
    pitch: 0
    yaw: 1.4114554680245671e-05
  upper_arm:
    x: 7.6884560744026222e-05
    y: 0
    z: 0
    roll: 1.5702844004051288
    pitch: 0
    yaw: 4.704203691940063e-05
  forearm:
    x: -0.42535508317154586
    y: 0
    z: 0
    roll: 0.0020930009355260757
    pitch: 0.0014682794526467906
    yaw: 5.7872203237618423e-05
  wrist_1:
    x: -0.39233929170560478
    y: 0.0010575167687033246
    z: 0.11050605564459648
    roll: 3.1320231826524938
    pitch: -3.1412750600318682
    yaw: 3.1415294139711243
  wrist_2:
    x: 2.1371098971984744e-05
    y: -0.094748772165373585
    z: -8.092961045136138e-06
    roll: 1.5708817417384415
    pitch: 0
    yaw: -8.0807372071971785e-05
  wrist_3:
    x: 5.6567788273822412e-05
    y: 0.082501407660449347
    z: 3.96806958668029e-05
    roll: 1.5712772966829536
    pitch: 3.1415926535897931
    yaw: 3.1415049027944679
  hash: calib_17568795835747539352