kinematics:
  shoulder:
    x: 0
    y: 0
    z: 0.089310731922129183
    roll: -0
    pitch: 0
    yaw: -4.4296913030567042e-06
  upper_arm:
    x: 4.2060010736371518e-06
    y: 0
    z: 0
    roll: 1.5714749762972069
    pitch: 0
    yaw: -5.3877250324716104e-06
  forearm:
    x: -0.42494498722884416
    y: 0
    z: 0
    roll: 3.1412556654878285
    pitch: -3.1408318333124381
    yaw: 3.1415890652282132
  wrist_1:
    x: -0.39205445724612814
    y: 0.0016566812267804359
    z: 0.10995800753636138
    roll: 3.1265273034083472
    pitch: 3.1410705591113683
    yaw: 3.1415539396362027
  wrist_2:
    x: 5.5897608326165303e-05
    y: -0.094753413343976342
    z: 0.00012611027516853729
    roll: 1.5694653963697538
    pitch: 0
    yaw: -1.5413197280225721e-06
  wrist_3:
    x: 0.00011670609784507791
    y: 0.082439241926386311
    z: 0.0001184667670555612
    roll: 1.5722333449277885
    pitch: 3.1415926535897931
    yaw: 3.1415457634769379
  hash: calib_3189375561374315889